F005a02-1 0	0.7	0.39	0.78	0.6
F005a02-1 0	0.74	0.05	0.11	0.52
F005a02-1 0	0.35	0.9	0.21	0.1
F005a02-3 0	0.08	0.13	0.23	0.05
F005a02-3 0	0.58	0.82	0.35	0.71
F005a02-3 0	0.96	0.78	0.03	0.07
F005a02-4 0	0.08	0.56	0.08	0.12
F005a02-4 0	0.73	0.81	0.13	0.55
F005a02-4 0	0.01	0.77	0.03	0.02
F005a02-5 0	0.25	0.73	0.54	0.5
F005a02-5 0	0.23	0.88	0.25	0.46
F005a02-8 0	0.78	0.14	0.15	0.43
F005a02-8 0	0.95	0.75	0.16	0.11
F005a02-8 0	0.89	0.94	0.12	0.22
F007a03-16 0	0.13	0.03	0.06	0.04
F007a03-16 0	0.34	0.01	0.02	0.03
F007a03-16 0	0.31	0.5	1.0	0.41
F007a03-16 0	0.62	0.15	0.3	0.22
F007a03-16 0	0.51	0.5	1.0	0.5
F007a03-16 0	0.86	0.32	0.2	0.29
F007a03-16 0	0.03	0.39	0.08	0.05
F007a03-16 0	0.03	0.5	0.02	0.06
F007a03-16 0	0.12	0.66	0.15	0.25
F007a03-16 0	0.04	0.92	0.16	0.08
F007a03-16 0	0.03	0.97	0.05	0.06
